update_time: 2018-06-01T14:51:14.3511734Z
event_logs:
- name: Application
  record_number: 195343
  timestamp: 2018-06-01T14:01:40.4775065Z
- name: System
  record_number: 72483
  timestamp: 2018-06-01T14:51:11.1883928Z
