update_time: 2018-06-01T13:59:38.6457162Z
event_logs:
- name: Application
  record_number: 195341
  timestamp: 2018-06-01T13:59:35.4961248Z
- name: System
  record_number: 72477
  timestamp: 2018-06-01T13:55:27.6934717Z
